/*--------------------------------*- C++ -*----------------------------------*\
  =========                 |
  \\      /  F ield         | OpenFOAM: The Open Source CFD Toolbox
   \\    /   O peration     | Website:  https://openfoam.org
    \\  /    A nd           | Version:  10
     \\/     M anipulation  |
\*---------------------------------------------------------------------------*/
FoamFile
{
    format      ascii;
    class       labelList;
    note        "nPoints:6096  nCells:4763  nFaces:15536  nInternalFaces:13042";
    location    "constant/polyMesh";
    object      neighbour;
}
// * * * * * * * * * * * * * * * * * * * * * * * * * * * * * * * * * * * * * //


13042
(
1
11
99
2
12
100
3
13
101
4
14
102
5
15
103
6
16
104
7
17
105
8
18
106
9
19
107
10
20
108
21
109
12
22
110
13
23
111
14
24
112
15
25
113
16
26
114
17
27
115
18
28
116
19
29
117
20
30
118
21
31
119
32
120
23
33
121
24
34
122
25
35
123
26
36
124
27
37
125
28
38
126
29
39
127
30
40
128
31
41
129
32
42
130
43
131
34
44
132
35
45
133
36
46
134
37
47
135
38
48
136
39
49
137
40
50
138
41
51
139
42
52
140
43
53
141
54
142
45
55
143
46
56
144
47
57
145
48
58
146
49
59
147
50
60
148
51
61
149
52
62
150
53
63
151
54
64
152
65
153
56
66
154
57
67
155
58
68
156
59
69
157
60
70
158
61
71
159
62
72
160
63
73
161
64
74
162
65
75
163
76
164
67
77
165
68
78
166
69
79
167
70
80
168
71
81
169
72
82
170
73
83
171
74
84
172
75
85
173
76
86
174
87
175
78
88
176
79
89
177
80
90
178
81
91
179
82
92
180
83
93
181
84
94
182
85
95
183
86
96
184
87
97
185
98
186
89
187
2849
90
188
2850
91
189
2851
92
190
2852
93
191
2853
94
192
2854
95
193
2855
96
194
2856
97
195
2857
98
196
2858
197
2859
100
110
198
101
111
199
102
112
200
103
113
201
104
114
202
105
115
203
106
116
204
107
117
205
108
118
206
109
119
207
120
208
111
121
209
112
122
210
113
123
211
114
124
212
115
125
213
116
126
214
117
127
215
118
128
216
119
129
217
120
130
218
131
219
122
132
220
123
133
221
124
134
222
125
135
223
126
136
224
127
137
225
128
138
226
129
139
227
130
140
228
131
141
229
142
230
133
143
231
134
144
232
135
145
233
136
146
234
137
147
235
138
148
236
139
149
237
140
150
238
141
151
239
142
152
240
153
241
144
154
242
145
155
243
146
156
244
147
157
245
148
158
246
149
159
247
150
160
248
151
161
249
152
162
250
153
163
251
164
252
155
165
253
156
166
254
157
167
255
158
168
256
159
169
257
160
170
258
161
171
259
162
172
260
163
173
261
164
174
262
175
263
166
176
264
167
177
265
168
178
266
169
179
267
170
180
268
171
181
269
172
182
270
173
183
271
174
184
272
175
185
273
186
274
177
187
275
178
188
276
179
189
277
180
190
278
181
191
279
182
192
280
183
193
281
184
194
282
185
195
283
186
196
284
197
285
188
286
3487
189
287
3488
190
288
3489
191
289
3490
192
290
3491
193
291
3492
194
292
3493
195
293
3494
196
294
3495
197
295
3496
296
3497
199
209
200
210
201
211
202
212
203
213
204
214
205
215
206
216
207
217
208
218
219
210
220
211
221
212
222
213
223
214
224
215
225
216
226
217
227
218
228
219
229
230
221
231
222
232
223
233
224
234
225
235
226
236
227
237
228
238
229
239
230
240
241
232
242
233
243
234
244
235
245
236
246
237
247
238
248
239
249
240
250
241
251
252
243
253
244
254
245
255
246
256
247
257
248
258
249
259
250
260
251
261
252
262
263
254
264
255
265
256
266
257
267
258
268
259
269
260
270
261
271
262
272
263
273
274
265
275
266
276
267
277
268
278
269
279
270
280
271
281
272
282
273
283
274
284
285
276
286
277
287
278
288
279
289
280
290
281
291
282
292
283
293
284
294
285
295
296
287
4125
288
4126
289
4127
290
4128
291
4129
292
4130
293
4131
294
4132
295
4133
296
4134
4135
298
308
935
299
309
936
300
310
937
301
311
938
302
312
939
303
313
940
304
314
941
305
315
942
306
316
943
307
317
944
318
945
309
319
946
310
320
947
311
321
948
312
322
949
313
323
950
314
324
951
315
325
952
316
326
953
317
327
954
318
328
955
329
956
320
330
957
321
331
958
322
332
959
323
333
960
324
334
961
325
335
962
326
336
963
327
337
964
328
338
965
329
339
966
340
967
331
341
968
332
342
969
333
343
970
334
344
971
335
345
972
336
346
973
337
347
974
338
348
975
339
349
976
340
350
977
351
978
342
352
979
343
353
980
344
354
981
345
355
982
346
356
983
347
357
984
348
358
985
349
359
986
350
360
987
351
361
988
362
989
353
363
990
354
364
991
355
365
992
356
366
993
357
367
994
358
368
995
359
369
996
360
370
997
361
371
998
362
372
999
373
1000
364
374
1001
365
375
1002
366
376
1003
367
377
1004
368
378
1005
369
379
1006
370
380
1007
371
381
1008
372
382
1009
373
383
1010
384
1011
375
385
1012
376
386
1013
377
387
1014
378
388
1015
379
389
1016
380
390
1017
381
391
1018
382
392
1019
383
393
1020
384
394
1021
395
1022
386
396
1023
387
397
1024
388
398
1025
389
399
1026
390
400
1027
391
401
1028
392
402
1029
393
403
1030
394
404
1031
395
405
1032
406
1033
397
407
1034
398
408
1035
399
409
1036
400
410
1037
401
411
1038
402
412
1039
403
413
1040
404
414
1041
405
415
1042
406
416
1043
417
1044
408
418
1045
409
419
1046
410
420
1047
411
421
1048
412
422
1049
413
423
1050
414
424
1051
415
425
1052
416
426
1053
417
427
1054
428
1055
419
429
1056
420
430
1057
421
431
1058
422
432
1059
423
433
1060
424
434
1061
425
435
1062
426
436
1063
427
437
1064
428
438
1065
439
1066
430
440
1067
431
441
1068
432
442
1069
433
443
1070
434
444
1071
435
445
1072
436
446
1073
437
447
1074
438
448
1075
439
449
1076
450
1077
441
451
1078
442
452
1079
443
453
1080
444
454
1081
445
455
1082
446
456
1083
447
457
1084
448
458
1085
449
459
1086
450
460
1087
461
1088
452
462
1089
453
463
1090
454
464
1091
455
465
1092
456
466
1093
457
467
1094
458
468
1095
459
469
1096
460
470
1097
461
471
1098
472
1099
463
473
1100
464
474
1101
465
475
1102
466
476
1103
467
477
1104
468
478
1105
469
479
1106
470
480
1107
471
481
1108
472
482
1109
483
1110
474
484
1111
475
485
1112
476
486
1113
477
487
1114
478
488
1115
479
489
1116
480
490
1117
481
491
1118
482
492
1119
483
493
1120
494
1121
485
495
1122
486
496
1123
487
497
1124
488
498
1125
489
499
1126
490
500
1127
491
501
1128
492
502
1129
493
503
1130
494
504
1131
505
1132
496
506
1133
497
507
1134
498
508
1135
499
509
1136
500
510
1137
501
511
1138
502
512
1139
503
513
1140
504
514
1141
505
515
1142
516
1143
507
517
1144
508
518
1145
509
519
1146
510
520
1147
511
521
1148
512
522
1149
513
523
1150
514
524
1151
515
525
1152
516
526
1153
527
1154
518
528
1155
519
529
1156
520
530
1157
521
531
1158
522
532
1159
523
533
1160
524
534
1161
525
535
1162
526
536
1163
527
537
1164
538
1165
529
539
1166
530
540
1167
531
541
1168
532
542
1169
533
543
1170
534
544
1171
535
545
1172
536
546
1173
537
547
1174
538
548
1175
549
1176
540
550
1177
541
551
1178
542
552
1179
543
553
1180
544
554
1181
545
555
1182
546
556
1183
547
557
1184
548
558
1185
549
559
1186
560
1187
551
561
1188
552
562
1189
553
563
1190
554
564
1191
555
565
1192
556
566
1193
557
567
1194
558
568
1195
559
569
1196
560
570
1197
571
1198
562
572
1199
563
573
1200
564
574
1201
565
575
1202
566
576
1203
567
577
1204
568
578
1205
569
579
1206
570
580
1207
571
581
1208
582
1209
573
583
1210
574
584
1211
575
585
1212
576
586
1213
577
587
1214
578
588
1215
579
589
1216
580
590
1217
581
591
1218
582
592
1219
593
1220
584
594
1221
585
595
1222
586
596
1223
587
597
1224
588
598
1225
589
599
1226
590
600
1227
591
601
1228
592
602
1229
593
603
1230
604
1231
595
605
1232
596
606
1233
597
607
1234
598
608
1235
599
609
1236
600
610
1237
601
611
1238
602
612
1239
603
613
1240
604
614
1241
615
1242
606
616
1243
607
617
1244
608
618
1245
609
619
1246
610
620
1247
611
621
1248
612
622
1249
613
623
1250
614
624
1251
615
625
1252
626
1253
617
627
1254
618
628
1255
619
629
1256
620
630
1257
621
631
1258
622
632
1259
623
633
1260
624
634
1261
625
635
1262
626
636
1263
637
1264
628
638
1265
629
639
1266
630
640
1267
631
641
1268
632
642
1269
633
643
1270
634
644
1271
635
645
1272
636
646
1273
637
647
1274
648
1275
639
649
1276
640
650
1277
641
651
1278
642
652
1279
643
653
1280
644
654
1281
645
655
1282
646
656
1283
647
657
1284
648
658
1285
659
1286
650
660
1287
651
661
1288
652
662
1289
653
663
1290
654
664
1291
655
665
1292
656
666
1293
657
667
1294
658
668
1295
659
669
1296
670
1297
661
671
1298
662
672
1299
663
673
1300
664
674
1301
665
675
1302
666
676
1303
667
677
1304
668
678
1305
669
679
1306
670
680
1307
681
1308
672
682
1309
673
683
1310
674
684
1311
675
685
1312
676
686
1313
677
687
1314
678
688
1315
679
689
1316
680
690
1317
681
691
1318
692
1319
683
693
1320
684
694
1321
685
695
1322
686
696
1323
687
697
1324
688
698
1325
689
699
1326
690
700
1327
691
701
1328
692
702
1329
703
1330
694
704
1331
695
705
1332
696
706
1333
697
707
1334
698
708
1335
699
709
1336
700
710
1337
701
711
1338
702
712
1339
703
713
1340
714
1341
705
715
1342
706
716
1343
707
717
1344
708
718
1345
709
719
1346
710
720
1347
711
721
1348
712
722
1349
713
723
1350
714
724
1351
725
1352
716
726
1353
717
727
1354
718
728
1355
719
729
1356
720
730
1357
721
731
1358
722
732
1359
723
733
1360
724
734
1361
725
735
1362
736
1363
727
737
1364
728
738
1365
729
739
1366
730
740
1367
731
741
1368
732
742
1369
733
743
1370
734
744
1371
735
745
1372
736
746
1373
747
1374
738
748
1375
739
749
1376
740
750
1377
741
751
1378
742
752
1379
743
753
1380
744
754
1381
745
755
1382
746
756
1383
747
757
1384
758
1385
749
759
1386
750
760
1387
751
761
1388
752
762
1389
753
763
1390
754
764
1391
755
765
1392
756
766
1393
757
767
1394
758
768
1395
769
1396
760
770
1397
761
771
1398
762
772
1399
763
773
1400
764
774
1401
765
775
1402
766
776
1403
767
777
1404
768
778
1405
769
779
1406
780
1407
771
781
1408
772
782
1409
773
783
1410
774
784
1411
775
785
1412
776
786
1413
777
787
1414
778
788
1415
779
789
1416
780
790
1417
791
1418
782
792
1419
783
793
1420
784
794
1421
785
795
1422
786
796
1423
787
797
1424
788
798
1425
789
799
1426
790
800
1427
791
801
1428
802
1429
793
803
1430
794
804
1431
795
805
1432
796
806
1433
797
807
1434
798
808
1435
799
809
1436
800
810
1437
801
811
1438
802
812
1439
813
1440
804
814
1441
805
815
1442
806
816
1443
807
817
1444
808
818
1445
809
819
1446
810
820
1447
811
821
1448
812
822
1449
813
823
1450
824
1451
815
825
1452
816
826
1453
817
827
1454
818
828
1455
819
829
1456
820
830
1457
821
831
1458
822
832
1459
823
833
1460
824
834
1461
835
1462
826
836
1463
827
837
1464
828
838
1465
829
839
1466
830
840
1467
831
841
1468
832
842
1469
833
843
1470
834
844
1471
835
845
1472
846
1473
837
847
1474
838
848
1475
839
849
1476
840
850
1477
841
851
1478
842
852
1479
843
853
1480
844
854
1481
845
855
1482
846
856
1483
857
1484
848
858
1485
849
859
1486
850
860
1487
851
861
1488
852
862
1489
853
863
1490
854
864
1491
855
865
1492
856
866
1493
857
867
1494
868
1495
859
869
1496
860
870
1497
861
871
1498
862
872
1499
863
873
1500
864
874
1501
865
875
1502
866
876
1503
867
877
1504
868
878
1505
879
1506
870
880
1507
871
881
1508
872
882
1509
873
883
1510
874
884
1511
875
885
1512
876
886
1513
877
887
1514
878
888
1515
879
889
1516
890
1517
881
891
1518
882
892
1519
883
893
1520
884
894
1521
885
895
1522
886
896
1523
887
897
1524
888
898
1525
889
899
1526
890
900
1527
901
1528
892
902
1529
893
903
1530
894
904
1531
895
905
1532
896
906
1533
897
907
1534
898
908
1535
899
909
1536
900
910
1537
901
911
1538
912
1539
903
913
1540
904
914
1541
905
915
1542
906
916
1543
907
917
1544
908
918
1545
909
919
1546
910
920
1547
911
921
1548
912
922
1549
923
1550
914
924
1551
915
925
1552
916
926
1553
917
927
1554
918
928
1555
919
929
1556
920
930
1557
921
931
1558
922
932
1559
923
933
1560
934
1561
925
1562
926
1563
927
1564
928
1565
929
1566
930
1567
931
1568
932
1569
933
1570
934
1571
1572
936
946
1573
937
947
1574
938
948
1575
939
949
1576
940
950
1577
941
951
1578
942
952
1579
943
953
1580
944
954
1581
945
955
1582
956
1583
947
957
1584
948
958
1585
949
959
1586
950
960
1587
951
961
1588
952
962
1589
953
963
1590
954
964
1591
955
965
1592
956
966
1593
967
1594
958
968
1595
959
969
1596
960
970
1597
961
971
1598
962
972
1599
963
973
1600
964
974
1601
965
975
1602
966
976
1603
967
977
1604
978
1605
969
979
1606
970
980
1607
971
981
1608
972
982
1609
973
983
1610
974
984
1611
975
985
1612
976
986
1613
977
987
1614
978
988
1615
989
1616
980
990
1617
981
991
1618
982
992
1619
983
993
1620
984
994
1621
985
995
1622
986
996
1623
987
997
1624
988
998
1625
989
999
1626
1000
1627
991
1001
1628
992
1002
1629
993
1003
1630
994
1004
1631
995
1005
1632
996
1006
1633
997
1007
1634
998
1008
1635
999
1009
1636
1000
1010
1637
1011
1638
1002
1012
1639
1003
1013
1640
1004
1014
1641
1005
1015
1642
1006
1016
1643
1007
1017
1644
1008
1018
1645
1009
1019
1646
1010
1020
1647
1011
1021
1648
1022
1649
1013
1023
1650
1014
1024
1651
1015
1025
1652
1016
1026
1653
1017
1027
1654
1018
1028
1655
1019
1029
1656
1020
1030
1657
1021
1031
1658
1022
1032
1659
1033
1660
1024
1034
1661
1025
1035
1662
1026
1036
1663
1027
1037
1664
1028
1038
1665
1029
1039
1666
1030
1040
1667
1031
1041
1668
1032
1042
1669
1033
1043
1670
1044
1671
1035
1045
1672
1036
1046
1673
1037
1047
1674
1038
1048
1675
1039
1049
1676
1040
1050
1677
1041
1051
1678
1042
1052
1679
1043
1053
1680
1044
1054
1681
1055
1682
1046
1056
1683
1047
1057
1684
1048
1058
1685
1049
1059
1686
1050
1060
1687
1051
1061
1688
1052
1062
1689
1053
1063
1690
1054
1064
1691
1055
1065
1692
1066
1693
1057
1067
1694
1058
1068
1695
1059
1069
1696
1060
1070
1697
1061
1071
1698
1062
1072
1699
1063
1073
1700
1064
1074
1701
1065
1075
1702
1066
1076
1703
1077
1704
1068
1078
1705
1069
1079
1706
1070
1080
1707
1071
1081
1708
1072
1082
1709
1073
1083
1710
1074
1084
1711
1075
1085
1712
1076
1086
1713
1077
1087
1714
1088
1715
1079
1089
1716
1080
1090
1717
1081
1091
1718
1082
1092
1719
1083
1093
1720
1084
1094
1721
1085
1095
1722
1086
1096
1723
1087
1097
1724
1088
1098
1725
1099
1726
1090
1100
1727
1091
1101
1728
1092
1102
1729
1093
1103
1730
1094
1104
1731
1095
1105
1732
1096
1106
1733
1097
1107
1734
1098
1108
1735
1099
1109
1736
1110
1737
1101
1111
1738
1102
1112
1739
1103
1113
1740
1104
1114
1741
1105
1115
1742
1106
1116
1743
1107
1117
1744
1108
1118
1745
1109
1119
1746
1110
1120
1747
1121
1748
1112
1122
1749
1113
1123
1750
1114
1124
1751
1115
1125
1752
1116
1126
1753
1117
1127
1754
1118
1128
1755
1119
1129
1756
1120
1130
1757
1121
1131
1758
1132
1759
1123
1133
1760
1124
1134
1761
1125
1135
1762
1126
1136
1763
1127
1137
1764
1128
1138
1765
1129
1139
1766
1130
1140
1767
1131
1141
1768
1132
1142
1769
1143
1770
1134
1144
1771
1135
1145
1772
1136
1146
1773
1137
1147
1774
1138
1148
1775
1139
1149
1776
1140
1150
1777
1141
1151
1778
1142
1152
1779
1143
1153
1780
1154
1781
1145
1155
1782
1146
1156
1783
1147
1157
1784
1148
1158
1785
1149
1159
1786
1150
1160
1787
1151
1161
1788
1152
1162
1789
1153
1163
1790
1154
1164
1791
1165
1792
1156
1166
1793
1157
1167
1794
1158
1168
1795
1159
1169
1796
1160
1170
1797
1161
1171
1798
1162
1172
1799
1163
1173
1800
1164
1174
1801
1165
1175
1802
1176
1803
1167
1177
1804
1168
1178
1805
1169
1179
1806
1170
1180
1807
1171
1181
1808
1172
1182
1809
1173
1183
1810
1174
1184
1811
1175
1185
1812
1176
1186
1813
1187
1814
1178
1188
1815
1179
1189
1816
1180
1190
1817
1181
1191
1818
1182
1192
1819
1183
1193
1820
1184
1194
1821
1185
1195
1822
1186
1196
1823
1187
1197
1824
1198
1825
1189
1199
1826
1190
1200
1827
1191
1201
1828
1192
1202
1829
1193
1203
1830
1194
1204
1831
1195
1205
1832
1196
1206
1833
1197
1207
1834
1198
1208
1835
1209
1836
1200
1210
1837
1201
1211
1838
1202
1212
1839
1203
1213
1840
1204
1214
1841
1205
1215
1842
1206
1216
1843
1207
1217
1844
1208
1218
1845
1209
1219
1846
1220
1847
1211
1221
1848
1212
1222
1849
1213
1223
1850
1214
1224
1851
1215
1225
1852
1216
1226
1853
1217
1227
1854
1218
1228
1855
1219
1229
1856
1220
1230
1857
1231
1858
1222
1232
1859
1223
1233
1860
1224
1234
1861
1225
1235
1862
1226
1236
1863
1227
1237
1864
1228
1238
1865
1229
1239
1866
1230
1240
1867
1231
1241
1868
1242
1869
1233
1243
1870
1234
1244
1871
1235
1245
1872
1236
1246
1873
1237
1247
1874
1238
1248
1875
1239
1249
1876
1240
1250
1877
1241
1251
1878
1242
1252
1879
1253
1880
1244
1254
1881
1245
1255
1882
1246
1256
1883
1247
1257
1884
1248
1258
1885
1249
1259
1886
1250
1260
1887
1251
1261
1888
1252
1262
1889
1253
1263
1890
1264
1891
1255
1265
1892
1256
1266
1893
1257
1267
1894
1258
1268
1895
1259
1269
1896
1260
1270
1897
1261
1271
1898
1262
1272
1899
1263
1273
1900
1264
1274
1901
1275
1902
1266
1276
1903
1267
1277
1904
1268
1278
1905
1269
1279
1906
1270
1280
1907
1271
1281
1908
1272
1282
1909
1273
1283
1910
1274
1284
1911
1275
1285
1912
1286
1913
1277
1287
1914
1278
1288
1915
1279
1289
1916
1280
1290
1917
1281
1291
1918
1282
1292
1919
1283
1293
1920
1284
1294
1921
1285
1295
1922
1286
1296
1923
1297
1924
1288
1298
1925
1289
1299
1926
1290
1300
1927
1291
1301
1928
1292
1302
1929
1293
1303
1930
1294
1304
1931
1295
1305
1932
1296
1306
1933
1297
1307
1934
1308
1935
1299
1309
1936
1300
1310
1937
1301
1311
1938
1302
1312
1939
1303
1313
1940
1304
1314
1941
1305
1315
1942
1306
1316
1943
1307
1317
1944
1308
1318
1945
1319
1946
1310
1320
1947
1311
1321
1948
1312
1322
1949
1313
1323
1950
1314
1324
1951
1315
1325
1952
1316
1326
1953
1317
1327
1954
1318
1328
1955
1319
1329
1956
1330
1957
1321
1331
1958
1322
1332
1959
1323
1333
1960
1324
1334
1961
1325
1335
1962
1326
1336
1963
1327
1337
1964
1328
1338
1965
1329
1339
1966
1330
1340
1967
1341
1968
1332
1342
1969
1333
1343
1970
1334
1344
1971
1335
1345
1972
1336
1346
1973
1337
1347
1974
1338
1348
1975
1339
1349
1976
1340
1350
1977
1341
1351
1978
1352
1979
1343
1353
1980
1344
1354
1981
1345
1355
1982
1346
1356
1983
1347
1357
1984
1348
1358
1985
1349
1359
1986
1350
1360
1987
1351
1361
1988
1352
1362
1989
1363
1990
1354
1364
1991
1355
1365
1992
1356
1366
1993
1357
1367
1994
1358
1368
1995
1359
1369
1996
1360
1370
1997
1361
1371
1998
1362
1372
1999
1363
1373
2000
1374
2001
1365
1375
2002
1366
1376
2003
1367
1377
2004
1368
1378
2005
1369
1379
2006
1370
1380
2007
1371
1381
2008
1372
1382
2009
1373
1383
2010
1374
1384
2011
1385
2012
1376
1386
2013
1377
1387
2014
1378
1388
2015
1379
1389
2016
1380
1390
2017
1381
1391
2018
1382
1392
2019
1383
1393
2020
1384
1394
2021
1385
1395
2022
1396
2023
1387
1397
2024
1388
1398
2025
1389
1399
2026
1390
1400
2027
1391
1401
2028
1392
1402
2029
1393
1403
2030
1394
1404
2031
1395
1405
2032
1396
1406
2033
1407
2034
1398
1408
2035
1399
1409
2036
1400
1410
2037
1401
1411
2038
1402
1412
2039
1403
1413
2040
1404
1414
2041
1405
1415
2042
1406
1416
2043
1407
1417
2044
1418
2045
1409
1419
2046
1410
1420
2047
1411
1421
2048
1412
1422
2049
1413
1423
2050
1414
1424
2051
1415
1425
2052
1416
1426
2053
1417
1427
2054
1418
1428
2055
1429
2056
1420
1430
2057
1421
1431
2058
1422
1432
2059
1423
1433
2060
1424
1434
2061
1425
1435
2062
1426
1436
2063
1427
1437
2064
1428
1438
2065
1429
1439
2066
1440
2067
1431
1441
2068
1432
1442
2069
1433
1443
2070
1434
1444
2071
1435
1445
2072
1436
1446
2073
1437
1447
2074
1438
1448
2075
1439
1449
2076
1440
1450
2077
1451
2078
1442
1452
2079
1443
1453
2080
1444
1454
2081
1445
1455
2082
1446
1456
2083
1447
1457
2084
1448
1458
2085
1449
1459
2086
1450
1460
2087
1451
1461
2088
1462
2089
1453
1463
2090
1454
1464
2091
1455
1465
2092
1456
1466
2093
1457
1467
2094
1458
1468
2095
1459
1469
2096
1460
1470
2097
1461
1471
2098
1462
1472
2099
1473
2100
1464
1474
2101
1465
1475
2102
1466
1476
2103
1467
1477
2104
1468
1478
2105
1469
1479
2106
1470
1480
2107
1471
1481
2108
1472
1482
2109
1473
1483
2110
1484
2111
1475
1485
2112
1476
1486
2113
1477
1487
2114
1478
1488
2115
1479
1489
2116
1480
1490
2117
1481
1491
2118
1482
1492
2119
1483
1493
2120
1484
1494
2121
1495
2122
1486
1496
2123
1487
1497
2124
1488
1498
2125
1489
1499
2126
1490
1500
2127
1491
1501
2128
1492
1502
2129
1493
1503
2130
1494
1504
2131
1495
1505
2132
1506
2133
1497
1507
2134
1498
1508
2135
1499
1509
2136
1500
1510
2137
1501
1511
2138
1502
1512
2139
1503
1513
2140
1504
1514
2141
1505
1515
2142
1506
1516
2143
1517
2144
1508
1518
2145
1509
1519
2146
1510
1520
2147
1511
1521
2148
1512
1522
2149
1513
1523
2150
1514
1524
2151
1515
1525
2152
1516
1526
2153
1517
1527
2154
1528
2155
1519
1529
2156
1520
1530
2157
1521
1531
2158
1522
1532
2159
1523
1533
2160
1524
1534
2161
1525
1535
2162
1526
1536
2163
1527
1537
2164
1528
1538
2165
1539
2166
1530
1540
2167
1531
1541
2168
1532
1542
2169
1533
1543
2170
1534
1544
2171
1535
1545
2172
1536
1546
2173
1537
1547
2174
1538
1548
2175
1539
1549
2176
1550
2177
1541
1551
2178
1542
1552
2179
1543
1553
2180
1544
1554
2181
1545
1555
2182
1546
1556
2183
1547
1557
2184
1548
1558
2185
1549
1559
2186
1550
1560
2187
1561
2188
1552
1562
2189
1553
1563
2190
1554
1564
2191
1555
1565
2192
1556
1566
2193
1557
1567
2194
1558
1568
2195
1559
1569
2196
1560
1570
2197
1561
1571
2198
1572
2199
1563
2200
1564
2201
1565
2202
1566
2203
1567
2204
1568
2205
1569
2206
1570
2207
1571
2208
1572
2209
2210
1574
1584
2211
1575
1585
2212
1576
1586
2213
1577
1587
2214
1578
1588
2215
1579
1589
2216
1580
1590
2217
1581
1591
2218
1582
1592
2219
1583
1593
2220
1594
2221
1585
1595
2222
1586
1596
2223
1587
1597
2224
1588
1598
2225
1589
1599
2226
1590
1600
2227
1591
1601
2228
1592
1602
2229
1593
1603
2230
1594
1604
2231
1605
2232
1596
1606
2233
1597
1607
2234
1598
1608
2235
1599
1609
2236
1600
1610
2237
1601
1611
2238
1602
1612
2239
1603
1613
2240
1604
1614
2241
1605
1615
2242
1616
2243
1607
1617
2244
1608
1618
2245
1609
1619
2246
1610
1620
2247
1611
1621
2248
1612
1622
2249
1613
1623
2250
1614
1624
2251
1615
1625
2252
1616
1626
2253
1627
2254
1618
1628
2255
1619
1629
2256
1620
1630
2257
1621
1631
2258
1622
1632
2259
1623
1633
2260
1624
1634
2261
1625
1635
2262
1626
1636
2263
1627
1637
2264
1638
2265
1629
1639
2266
1630
1640
2267
1631
1641
2268
1632
1642
2269
1633
1643
2270
1634
1644
2271
1635
1645
2272
1636
1646
2273
1637
1647
2274
1638
1648
2275
1649
2276
1640
1650
2277
1641
1651
2278
1642
1652
2279
1643
1653
2280
1644
1654
2281
1645
1655
2282
1646
1656
2283
1647
1657
2284
1648
1658
2285
1649
1659
2286
1660
2287
1651
1661
2288
1652
1662
2289
1653
1663
2290
1654
1664
2291
1655
1665
2292
1656
1666
2293
1657
1667
2294
1658
1668
2295
1659
1669
2296
1660
1670
2297
1671
2298
1662
1672
2299
1663
1673
2300
1664
1674
2301
1665
1675
2302
1666
1676
2303
1667
1677
2304
1668
1678
2305
1669
1679
2306
1670
1680
2307
1671
1681
2308
1682
2309
1673
1683
2310
1674
1684
2311
1675
1685
2312
1676
1686
2313
1677
1687
2314
1678
1688
2315
1679
1689
2316
1680
1690
2317
1681
1691
2318
1682
1692
2319
1693
2320
1684
1694
2321
1685
1695
2322
1686
1696
2323
1687
1697
2324
1688
1698
2325
1689
1699
2326
1690
1700
2327
1691
1701
2328
1692
1702
2329
1693
1703
2330
1704
2331
1695
1705
2332
1696
1706
2333
1697
1707
2334
1698
1708
2335
1699
1709
2336
1700
1710
2337
1701
1711
2338
1702
1712
2339
1703
1713
2340
1704
1714
2341
1715
2342
1706
1716
2343
1707
1717
2344
1708
1718
2345
1709
1719
2346
1710
1720
2347
1711
1721
2348
1712
1722
2349
1713
1723
2350
1714
1724
2351
1715
1725
2352
1726
2353
1717
1727
2354
1718
1728
2355
1719
1729
2356
1720
1730
2357
1721
1731
2358
1722
1732
2359
1723
1733
2360
1724
1734
2361
1725
1735
2362
1726
1736
2363
1737
2364
1728
1738
2365
1729
1739
2366
1730
1740
2367
1731
1741
2368
1732
1742
2369
1733
1743
2370
1734
1744
2371
1735
1745
2372
1736
1746
2373
1737
1747
2374
1748
2375
1739
1749
2376
1740
1750
2377
1741
1751
2378
1742
1752
2379
1743
1753
2380
1744
1754
2381
1745
1755
2382
1746
1756
2383
1747
1757
2384
1748
1758
2385
1759
2386
1750
1760
2387
1751
1761
2388
1752
1762
2389
1753
1763
2390
1754
1764
2391
1755
1765
2392
1756
1766
2393
1757
1767
2394
1758
1768
2395
1759
1769
2396
1770
2397
1761
1771
2398
1762
1772
2399
1763
1773
2400
1764
1774
2401
1765
1775
2402
1766
1776
2403
1767
1777
2404
1768
1778
2405
1769
1779
2406
1770
1780
2407
1781
2408
1772
1782
2409
1773
1783
2410
1774
1784
2411
1775
1785
2412
1776
1786
2413
1777
1787
2414
1778
1788
2415
1779
1789
2416
1780
1790
2417
1781
1791
2418
1792
2419
1783
1793
2420
1784
1794
2421
1785
1795
2422
1786
1796
2423
1787
1797
2424
1788
1798
2425
1789
1799
2426
1790
1800
2427
1791
1801
2428
1792
1802
2429
1803
2430
1794
1804
2431
1795
1805
2432
1796
1806
2433
1797
1807
2434
1798
1808
2435
1799
1809
2436
1800
1810
2437
1801
1811
2438
1802
1812
2439
1803
1813
2440
1814
2441
1805
1815
2442
1806
1816
2443
1807
1817
2444
1808
1818
2445
1809
1819
2446
1810
1820
2447
1811
1821
2448
1812
1822
2449
1813
1823
2450
1814
1824
2451
1825
2452
1816
1826
2453
1817
1827
2454
1818
1828
2455
1819
1829
2456
1820
1830
2457
1821
1831
2458
1822
1832
2459
1823
1833
2460
1824
1834
2461
1825
1835
2462
1836
2463
1827
1837
2464
1828
1838
2465
1829
1839
2466
1830
1840
2467
1831
1841
2468
1832
1842
2469
1833
1843
2470
1834
1844
2471
1835
1845
2472
1836
1846
2473
1847
2474
1838
1848
2475
1839
1849
2476
1840
1850
2477
1841
1851
2478
1842
1852
2479
1843
1853
2480
1844
1854
2481
1845
1855
2482
1846
1856
2483
1847
1857
2484
1858
2485
1849
1859
2486
1850
1860
2487
1851
1861
2488
1852
1862
2489
1853
1863
2490
1854
1864
2491
1855
1865
2492
1856
1866
2493
1857
1867
2494
1858
1868
2495
1869
2496
1860
1870
2497
1861
1871
2498
1862
1872
2499
1863
1873
2500
1864
1874
2501
1865
1875
2502
1866
1876
2503
1867
1877
2504
1868
1878
2505
1869
1879
2506
1880
2507
1871
1881
2508
1872
1882
2509
1873
1883
2510
1874
1884
2511
1875
1885
2512
1876
1886
2513
1877
1887
2514
1878
1888
2515
1879
1889
2516
1880
1890
2517
1891
2518
1882
1892
2519
1883
1893
2520
1884
1894
2521
1885
1895
2522
1886
1896
2523
1887
1897
2524
1888
1898
2525
1889
1899
2526
1890
1900
2527
1891
1901
2528
1902
2529
1893
1903
2530
1894
1904
2531
1895
1905
2532
1896
1906
2533
1897
1907
2534
1898
1908
2535
1899
1909
2536
1900
1910
2537
1901
1911
2538
1902
1912
2539
1913
2540
1904
1914
2541
1905
1915
2542
1906
1916
2543
1907
1917
2544
1908
1918
2545
1909
1919
2546
1910
1920
2547
1911
1921
2548
1912
1922
2549
1913
1923
2550
1924
2551
1915
1925
2552
1916
1926
2553
1917
1927
2554
1918
1928
2555
1919
1929
2556
1920
1930
2557
1921
1931
2558
1922
1932
2559
1923
1933
2560
1924
1934
2561
1935
2562
1926
1936
2563
1927
1937
2564
1928
1938
2565
1929
1939
2566
1930
1940
2567
1931
1941
2568
1932
1942
2569
1933
1943
2570
1934
1944
2571
1935
1945
2572
1946
2573
1937
1947
2574
1938
1948
2575
1939
1949
2576
1940
1950
2577
1941
1951
2578
1942
1952
2579
1943
1953
2580
1944
1954
2581
1945
1955
2582
1946
1956
2583
1957
2584
1948
1958
2585
1949
1959
2586
1950
1960
2587
1951
1961
2588
1952
1962
2589
1953
1963
2590
1954
1964
2591
1955
1965
2592
1956
1966
2593
1957
1967
2594
1968
2595
1959
1969
2596
1960
1970
2597
1961
1971
2598
1962
1972
2599
1963
1973
2600
1964
1974
2601
1965
1975
2602
1966
1976
2603
1967
1977
2604
1968
1978
2605
1979
2606
1970
1980
2607
1971
1981
2608
1972
1982
2609
1973
1983
2610
1974
1984
2611
1975
1985
2612
1976
1986
2613
1977
1987
2614
1978
1988
2615
1979
1989
2616
1990
2617
1981
1991
2618
1982
1992
2619
1983
1993
2620
1984
1994
2621
1985
1995
2622
1986
1996
2623
1987
1997
2624
1988
1998
2625
1989
1999
2626
1990
2000
2627
2001
2628
1992
2002
2629
1993
2003
2630
1994
2004
2631
1995
2005
2632
1996
2006
2633
1997
2007
2634
1998
2008
2635
1999
2009
2636
2000
2010
2637
2001
2011
2638
2012
2639
2003
2013
2640
2004
2014
2641
2005
2015
2642
2006
2016
2643
2007
2017
2644
2008
2018
2645
2009
2019
2646
2010
2020
2647
2011
2021
2648
2012
2022
2649
2023
2650
2014
2024
2651
2015
2025
2652
2016
2026
2653
2017
2027
2654
2018
2028
2655
2019
2029
2656
2020
2030
2657
2021
2031
2658
2022
2032
2659
2023
2033
2660
2034
2661
2025
2035
2662
2026
2036
2663
2027
2037
2664
2028
2038
2665
2029
2039
2666
2030
2040
2667
2031
2041
2668
2032
2042
2669
2033
2043
2670
2034
2044
2671
2045
2672
2036
2046
2673
2037
2047
2674
2038
2048
2675
2039
2049
2676
2040
2050
2677
2041
2051
2678
2042
2052
2679
2043
2053
2680
2044
2054
2681
2045
2055
2682
2056
2683
2047
2057
2684
2048
2058
2685
2049
2059
2686
2050
2060
2687
2051
2061
2688
2052
2062
2689
2053
2063
2690
2054
2064
2691
2055
2065
2692
2056
2066
2693
2067
2694
2058
2068
2695
2059
2069
2696
2060
2070
2697
2061
2071
2698
2062
2072
2699
2063
2073
2700
2064
2074
2701
2065
2075
2702
2066
2076
2703
2067
2077
2704
2078
2705
2069
2079
2706
2070
2080
2707
2071
2081
2708
2072
2082
2709
2073
2083
2710
2074
2084
2711
2075
2085
2712
2076
2086
2713
2077
2087
2714
2078
2088
2715
2089
2716
2080
2090
2717
2081
2091
2718
2082
2092
2719
2083
2093
2720
2084
2094
2721
2085
2095
2722
2086
2096
2723
2087
2097
2724
2088
2098
2725
2089
2099
2726
2100
2727
2091
2101
2728
2092
2102
2729
2093
2103
2730
2094
2104
2731
2095
2105
2732
2096
2106
2733
2097
2107
2734
2098
2108
2735
2099
2109
2736
2100
2110
2737
2111
2738
2102
2112
2739
2103
2113
2740
2104
2114
2741
2105
2115
2742
2106
2116
2743
2107
2117
2744
2108
2118
2745
2109
2119
2746
2110
2120
2747
2111
2121
2748
2122
2749
2113
2123
2750
2114
2124
2751
2115
2125
2752
2116
2126
2753
2117
2127
2754
2118
2128
2755
2119
2129
2756
2120
2130
2757
2121
2131
2758
2122
2132
2759
2133
2760
2124
2134
2761
2125
2135
2762
2126
2136
2763
2127
2137
2764
2128
2138
2765
2129
2139
2766
2130
2140
2767
2131
2141
2768
2132
2142
2769
2133
2143
2770
2144
2771
2135
2145
2772
2136
2146
2773
2137
2147
2774
2138
2148
2775
2139
2149
2776
2140
2150
2777
2141
2151
2778
2142
2152
2779
2143
2153
2780
2144
2154
2781
2155
2782
2146
2156
2783
2147
2157
2784
2148
2158
2785
2149
2159
2786
2150
2160
2787
2151
2161
2788
2152
2162
2789
2153
2163
2790
2154
2164
2791
2155
2165
2792
2166
2793
2157
2167
2794
2158
2168
2795
2159
2169
2796
2160
2170
2797
2161
2171
2798
2162
2172
2799
2163
2173
2800
2164
2174
2801
2165
2175
2802
2166
2176
2803
2177
2804
2168
2178
2805
2169
2179
2806
2170
2180
2807
2171
2181
2808
2172
2182
2809
2173
2183
2810
2174
2184
2811
2175
2185
2812
2176
2186
2813
2177
2187
2814
2188
2815
2179
2189
2816
2180
2190
2817
2181
2191
2818
2182
2192
2819
2183
2193
2820
2184
2194
2821
2185
2195
2822
2186
2196
2823
2187
2197
2824
2188
2198
2825
2199
2826
2190
2200
2827
2191
2201
2828
2192
2202
2829
2193
2203
2830
2194
2204
2831
2195
2205
2832
2196
2206
2833
2197
2207
2834
2198
2208
2835
2199
2209
2836
2210
2837
2201
2838
2202
2839
2203
2840
2204
2841
2205
2842
2206
2843
2207
2844
2208
2845
2209
2846
2210
2847
2848
2212
2222
2849
2213
2223
2850
2214
2224
2851
2215
2225
2852
2216
2226
2853
2217
2227
2854
2218
2228
2855
2219
2229
2856
2220
2230
2857
2221
2231
2858
2232
2859
2223
2233
2860
2224
2234
2861
2225
2235
2862
2226
2236
2863
2227
2237
2864
2228
2238
2865
2229
2239
2866
2230
2240
2867
2231
2241
2868
2232
2242
2869
2243
2870
2234
2244
2871
2235
2245
2872
2236
2246
2873
2237
2247
2874
2238
2248
2875
2239
2249
2876
2240
2250
2877
2241
2251
2878
2242
2252
2879
2243
2253
2880
2254
2881
2245
2255
2882
2246
2256
2883
2247
2257
2884
2248
2258
2885
2249
2259
2886
2250
2260
2887
2251
2261
2888
2252
2262
2889
2253
2263
2890
2254
2264
2891
2265
2892
2256
2266
2893
2257
2267
2894
2258
2268
2895
2259
2269
2896
2260
2270
2897
2261
2271
2898
2262
2272
2899
2263
2273
2900
2264
2274
2901
2265
2275
2902
2276
2903
2267
2277
2904
2268
2278
2905
2269
2279
2906
2270
2280
2907
2271
2281
2908
2272
2282
2909
2273
2283
2910
2274
2284
2911
2275
2285
2912
2276
2286
2913
2287
2914
2278
2288
2915
2279
2289
2916
2280
2290
2917
2281
2291
2918
2282
2292
2919
2283
2293
2920
2284
2294
2921
2285
2295
2922
2286
2296
2923
2287
2297
2924
2298
2925
2289
2299
2926
2290
2300
2927
2291
2301
2928
2292
2302
2929
2293
2303
2930
2294
2304
2931
2295
2305
2932
2296
2306
2933
2297
2307
2934
2298
2308
2935
2309
2936
2300
2310
2937
2301
2311
2938
2302
2312
2939
2303
2313
2940
2304
2314
2941
2305
2315
2942
2306
2316
2943
2307
2317
2944
2308
2318
2945
2309
2319
2946
2320
2947
2311
2321
2948
2312
2322
2949
2313
2323
2950
2314
2324
2951
2315
2325
2952
2316
2326
2953
2317
2327
2954
2318
2328
2955
2319
2329
2956
2320
2330
2957
2331
2958
2322
2332
2959
2323
2333
2960
2324
2334
2961
2325
2335
2962
2326
2336
2963
2327
2337
2964
2328
2338
2965
2329
2339
2966
2330
2340
2967
2331
2341
2968
2342
2969
2333
2343
2970
2334
2344
2971
2335
2345
2972
2336
2346
2973
2337
2347
2974
2338
2348
2975
2339
2349
2976
2340
2350
2977
2341
2351
2978
2342
2352
2979
2353
2980
2344
2354
2981
2345
2355
2982
2346
2356
2983
2347
2357
2984
2348
2358
2985
2349
2359
2986
2350
2360
2987
2351
2361
2988
2352
2362
2989
2353
2363
2990
2364
2991
2355
2365
2992
2356
2366
2993
2357
2367
2994
2358
2368
2995
2359
2369
2996
2360
2370
2997
2361
2371
2998
2362
2372
2999
2363
2373
3000
2364
2374
3001
2375
3002
2366
2376
3003
2367
2377
3004
2368
2378
3005
2369
2379
3006
2370
2380
3007
2371
2381
3008
2372
2382
3009
2373
2383
3010
2374
2384
3011
2375
2385
3012
2386
3013
2377
2387
3014
2378
2388
3015
2379
2389
3016
2380
2390
3017
2381
2391
3018
2382
2392
3019
2383
2393
3020
2384
2394
3021
2385
2395
3022
2386
2396
3023
2397
3024
2388
2398
3025
2389
2399
3026
2390
2400
3027
2391
2401
3028
2392
2402
3029
2393
2403
3030
2394
2404
3031
2395
2405
3032
2396
2406
3033
2397
2407
3034
2408
3035
2399
2409
3036
2400
2410
3037
2401
2411
3038
2402
2412
3039
2403
2413
3040
2404
2414
3041
2405
2415
3042
2406
2416
3043
2407
2417
3044
2408
2418
3045
2419
3046
2410
2420
3047
2411
2421
3048
2412
2422
3049
2413
2423
3050
2414
2424
3051
2415
2425
3052
2416
2426
3053
2417
2427
3054
2418
2428
3055
2419
2429
3056
2430
3057
2421
2431
3058
2422
2432
3059
2423
2433
3060
2424
2434
3061
2425
2435
3062
2426
2436
3063
2427
2437
3064
2428
2438
3065
2429
2439
3066
2430
2440
3067
2441
3068
2432
2442
3069
2433
2443
3070
2434
2444
3071
2435
2445
3072
2436
2446
3073
2437
2447
3074
2438
2448
3075
2439
2449
3076
2440
2450
3077
2441
2451
3078
2452
3079
2443
2453
3080
2444
2454
3081
2445
2455
3082
2446
2456
3083
2447
2457
3084
2448
2458
3085
2449
2459
3086
2450
2460
3087
2451
2461
3088
2452
2462
3089
2463
3090
2454
2464
3091
2455
2465
3092
2456
2466
3093
2457
2467
3094
2458
2468
3095
2459
2469
3096
2460
2470
3097
2461
2471
3098
2462
2472
3099
2463
2473
3100
2474
3101
2465
2475
3102
2466
2476
3103
2467
2477
3104
2468
2478
3105
2469
2479
3106
2470
2480
3107
2471
2481
3108
2472
2482
3109
2473
2483
3110
2474
2484
3111
2485
3112
2476
2486
3113
2477
2487
3114
2478
2488
3115
2479
2489
3116
2480
2490
3117
2481
2491
3118
2482
2492
3119
2483
2493
3120
2484
2494
3121
2485
2495
3122
2496
3123
2487
2497
3124
2488
2498
3125
2489
2499
3126
2490
2500
3127
2491
2501
3128
2492
2502
3129
2493
2503
3130
2494
2504
3131
2495
2505
3132
2496
2506
3133
2507
3134
2498
2508
3135
2499
2509
3136
2500
2510
3137
2501
2511
3138
2502
2512
3139
2503
2513
3140
2504
2514
3141
2505
2515
3142
2506
2516
3143
2507
2517
3144
2518
3145
2509
2519
3146
2510
2520
3147
2511
2521
3148
2512
2522
3149
2513
2523
3150
2514
2524
3151
2515
2525
3152
2516
2526
3153
2517
2527
3154
2518
2528
3155
2529
3156
2520
2530
3157
2521
2531
3158
2522
2532
3159
2523
2533
3160
2524
2534
3161
2525
2535
3162
2526
2536
3163
2527
2537
3164
2528
2538
3165
2529
2539
3166
2540
3167
2531
2541
3168
2532
2542
3169
2533
2543
3170
2534
2544
3171
2535
2545
3172
2536
2546
3173
2537
2547
3174
2538
2548
3175
2539
2549
3176
2540
2550
3177
2551
3178
2542
2552
3179
2543
2553
3180
2544
2554
3181
2545
2555
3182
2546
2556
3183
2547
2557
3184
2548
2558
3185
2549
2559
3186
2550
2560
3187
2551
2561
3188
2562
3189
2553
2563
3190
2554
2564
3191
2555
2565
3192
2556
2566
3193
2557
2567
3194
2558
2568
3195
2559
2569
3196
2560
2570
3197
2561
2571
3198
2562
2572
3199
2573
3200
2564
2574
3201
2565
2575
3202
2566
2576
3203
2567
2577
3204
2568
2578
3205
2569
2579
3206
2570
2580
3207
2571
2581
3208
2572
2582
3209
2573
2583
3210
2584
3211
2575
2585
3212
2576
2586
3213
2577
2587
3214
2578
2588
3215
2579
2589
3216
2580
2590
3217
2581
2591
3218
2582
2592
3219
2583
2593
3220
2584
2594
3221
2595
3222
2586
2596
3223
2587
2597
3224
2588
2598
3225
2589
2599
3226
2590
2600
3227
2591
2601
3228
2592
2602
3229
2593
2603
3230
2594
2604
3231
2595
2605
3232
2606
3233
2597
2607
3234
2598
2608
3235
2599
2609
3236
2600
2610
3237
2601
2611
3238
2602
2612
3239
2603
2613
3240
2604
2614
3241
2605
2615
3242
2606
2616
3243
2617
3244
2608
2618
3245
2609
2619
3246
2610
2620
3247
2611
2621
3248
2612
2622
3249
2613
2623
3250
2614
2624
3251
2615
2625
3252
2616
2626
3253
2617
2627
3254
2628
3255
2619
2629
3256
2620
2630
3257
2621
2631
3258
2622
2632
3259
2623
2633
3260
2624
2634
3261
2625
2635
3262
2626
2636
3263
2627
2637
3264
2628
2638
3265
2639
3266
2630
2640
3267
2631
2641
3268
2632
2642
3269
2633
2643
3270
2634
2644
3271
2635
2645
3272
2636
2646
3273
2637
2647
3274
2638
2648
3275
2639
2649
3276
2650
3277
2641
2651
3278
2642
2652
3279
2643
2653
3280
2644
2654
3281
2645
2655
3282
2646
2656
3283
2647
2657
3284
2648
2658
3285
2649
2659
3286
2650
2660
3287
2661
3288
2652
2662
3289
2653
2663
3290
2654
2664
3291
2655
2665
3292
2656
2666
3293
2657
2667
3294
2658
2668
3295
2659
2669
3296
2660
2670
3297
2661
2671
3298
2672
3299
2663
2673
3300
2664
2674
3301
2665
2675
3302
2666
2676
3303
2667
2677
3304
2668
2678
3305
2669
2679
3306
2670
2680
3307
2671
2681
3308
2672
2682
3309
2683
3310
2674
2684
3311
2675
2685
3312
2676
2686
3313
2677
2687
3314
2678
2688
3315
2679
2689
3316
2680
2690
3317
2681
2691
3318
2682
2692
3319
2683
2693
3320
2694
3321
2685
2695
3322
2686
2696
3323
2687
2697
3324
2688
2698
3325
2689
2699
3326
2690
2700
3327
2691
2701
3328
2692
2702
3329
2693
2703
3330
2694
2704
3331
2705
3332
2696
2706
3333
2697
2707
3334
2698
2708
3335
2699
2709
3336
2700
2710
3337
2701
2711
3338
2702
2712
3339
2703
2713
3340
2704
2714
3341
2705
2715
3342
2716
3343
2707
2717
3344
2708
2718
3345
2709
2719
3346
2710
2720
3347
2711
2721
3348
2712
2722
3349
2713
2723
3350
2714
2724
3351
2715
2725
3352
2716
2726
3353
2727
3354
2718
2728
3355
2719
2729
3356
2720
2730
3357
2721
2731
3358
2722
2732
3359
2723
2733
3360
2724
2734
3361
2725
2735
3362
2726
2736
3363
2727
2737
3364
2738
3365
2729
2739
3366
2730
2740
3367
2731
2741
3368
2732
2742
3369
2733
2743
3370
2734
2744
3371
2735
2745
3372
2736
2746
3373
2737
2747
3374
2738
2748
3375
2749
3376
2740
2750
3377
2741
2751
3378
2742
2752
3379
2743
2753
3380
2744
2754
3381
2745
2755
3382
2746
2756
3383
2747
2757
3384
2748
2758
3385
2749
2759
3386
2760
3387
2751
2761
3388
2752
2762
3389
2753
2763
3390
2754
2764
3391
2755
2765
3392
2756
2766
3393
2757
2767
3394
2758
2768
3395
2759
2769
3396
2760
2770
3397
2771
3398
2762
2772
3399
2763
2773
3400
2764
2774
3401
2765
2775
3402
2766
2776
3403
2767
2777
3404
2768
2778
3405
2769
2779
3406
2770
2780
3407
2771
2781
3408
2782
3409
2773
2783
3410
2774
2784
3411
2775
2785
3412
2776
2786
3413
2777
2787
3414
2778
2788
3415
2779
2789
3416
2780
2790
3417
2781
2791
3418
2782
2792
3419
2793
3420
2784
2794
3421
2785
2795
3422
2786
2796
3423
2787
2797
3424
2788
2798
3425
2789
2799
3426
2790
2800
3427
2791
2801
3428
2792
2802
3429
2793
2803
3430
2804
3431
2795
2805
3432
2796
2806
3433
2797
2807
3434
2798
2808
3435
2799
2809
3436
2800
2810
3437
2801
2811
3438
2802
2812
3439
2803
2813
3440
2804
2814
3441
2815
3442
2806
2816
3443
2807
2817
3444
2808
2818
3445
2809
2819
3446
2810
2820
3447
2811
2821
3448
2812
2822
3449
2813
2823
3450
2814
2824
3451
2815
2825
3452
2826
3453
2817
2827
3454
2818
2828
3455
2819
2829
3456
2820
2830
3457
2821
2831
3458
2822
2832
3459
2823
2833
3460
2824
2834
3461
2825
2835
3462
2826
2836
3463
2837
3464
2828
2838
3465
2829
2839
3466
2830
2840
3467
2831
2841
3468
2832
2842
3469
2833
2843
3470
2834
2844
3471
2835
2845
3472
2836
2846
3473
2837
2847
3474
2848
3475
2839
3476
2840
3477
2841
3478
2842
3479
2843
3480
2844
3481
2845
3482
2846
3483
2847
3484
2848
3485
3486
2850
2860
3487
2851
2861
3488
2852
2862
3489
2853
2863
3490
2854
2864
3491
2855
2865
3492
2856
2866
3493
2857
2867
3494
2858
2868
3495
2859
2869
3496
2870
3497
2861
2871
3498
2862
2872
3499
2863
2873
3500
2864
2874
3501
2865
2875
3502
2866
2876
3503
2867
2877
3504
2868
2878
3505
2869
2879
3506
2870
2880
3507
2881
3508
2872
2882
3509
2873
2883
3510
2874
2884
3511
2875
2885
3512
2876
2886
3513
2877
2887
3514
2878
2888
3515
2879
2889
3516
2880
2890
3517
2881
2891
3518
2892
3519
2883
2893
3520
2884
2894
3521
2885
2895
3522
2886
2896
3523
2887
2897
3524
2888
2898
3525
2889
2899
3526
2890
2900
3527
2891
2901
3528
2892
2902
3529
2903
3530
2894
2904
3531
2895
2905
3532
2896
2906
3533
2897
2907
3534
2898
2908
3535
2899
2909
3536
2900
2910
3537
2901
2911
3538
2902
2912
3539
2903
2913
3540
2914
3541
2905
2915
3542
2906
2916
3543
2907
2917
3544
2908
2918
3545
2909
2919
3546
2910
2920
3547
2911
2921
3548
2912
2922
3549
2913
2923
3550
2914
2924
3551
2925
3552
2916
2926
3553
2917
2927
3554
2918
2928
3555
2919
2929
3556
2920
2930
3557
2921
2931
3558
2922
2932
3559
2923
2933
3560
2924
2934
3561
2925
2935
3562
2936
3563
2927
2937
3564
2928
2938
3565
2929
2939
3566
2930
2940
3567
2931
2941
3568
2932
2942
3569
2933
2943
3570
2934
2944
3571
2935
2945
3572
2936
2946
3573
2947
3574
2938
2948
3575
2939
2949
3576
2940
2950
3577
2941
2951
3578
2942
2952
3579
2943
2953
3580
2944
2954
3581
2945
2955
3582
2946
2956
3583
2947
2957
3584
2958
3585
2949
2959
3586
2950
2960
3587
2951
2961
3588
2952
2962
3589
2953
2963
3590
2954
2964
3591
2955
2965
3592
2956
2966
3593
2957
2967
3594
2958
2968
3595
2969
3596
2960
2970
3597
2961
2971
3598
2962
2972
3599
2963
2973
3600
2964
2974
3601
2965
2975
3602
2966
2976
3603
2967
2977
3604
2968
2978
3605
2969
2979
3606
2980
3607
2971
2981
3608
2972
2982
3609
2973
2983
3610
2974
2984
3611
2975
2985
3612
2976
2986
3613
2977
2987
3614
2978
2988
3615
2979
2989
3616
2980
2990
3617
2991
3618
2982
2992
3619
2983
2993
3620
2984
2994
3621
2985
2995
3622
2986
2996
3623
2987
2997
3624
2988
2998
3625
2989
2999
3626
2990
3000
3627
2991
3001
3628
3002
3629
2993
3003
3630
2994
3004
3631
2995
3005
3632
2996
3006
3633
2997
3007
3634
2998
3008
3635
2999
3009
3636
3000
3010
3637
3001
3011
3638
3002
3012
3639
3013
3640
3004
3014
3641
3005
3015
3642
3006
3016
3643
3007
3017
3644
3008
3018
3645
3009
3019
3646
3010
3020
3647
3011
3021
3648
3012
3022
3649
3013
3023
3650
3024
3651
3015
3025
3652
3016
3026
3653
3017
3027
3654
3018
3028
3655
3019
3029
3656
3020
3030
3657
3021
3031
3658
3022
3032
3659
3023
3033
3660
3024
3034
3661
3035
3662
3026
3036
3663
3027
3037
3664
3028
3038
3665
3029
3039
3666
3030
3040
3667
3031
3041
3668
3032
3042
3669
3033
3043
3670
3034
3044
3671
3035
3045
3672
3046
3673
3037
3047
3674
3038
3048
3675
3039
3049
3676
3040
3050
3677
3041
3051
3678
3042
3052
3679
3043
3053
3680
3044
3054
3681
3045
3055
3682
3046
3056
3683
3057
3684
3048
3058
3685
3049
3059
3686
3050
3060
3687
3051
3061
3688
3052
3062
3689
3053
3063
3690
3054
3064
3691
3055
3065
3692
3056
3066
3693
3057
3067
3694
3068
3695
3059
3069
3696
3060
3070
3697
3061
3071
3698
3062
3072
3699
3063
3073
3700
3064
3074
3701
3065
3075
3702
3066
3076
3703
3067
3077
3704
3068
3078
3705
3079
3706
3070
3080
3707
3071
3081
3708
3072
3082
3709
3073
3083
3710
3074
3084
3711
3075
3085
3712
3076
3086
3713
3077
3087
3714
3078
3088
3715
3079
3089
3716
3090
3717
3081
3091
3718
3082
3092
3719
3083
3093
3720
3084
3094
3721
3085
3095
3722
3086
3096
3723
3087
3097
3724
3088
3098
3725
3089
3099
3726
3090
3100
3727
3101
3728
3092
3102
3729
3093
3103
3730
3094
3104
3731
3095
3105
3732
3096
3106
3733
3097
3107
3734
3098
3108
3735
3099
3109
3736
3100
3110
3737
3101
3111
3738
3112
3739
3103
3113
3740
3104
3114
3741
3105
3115
3742
3106
3116
3743
3107
3117
3744
3108
3118
3745
3109
3119
3746
3110
3120
3747
3111
3121
3748
3112
3122
3749
3123
3750
3114
3124
3751
3115
3125
3752
3116
3126
3753
3117
3127
3754
3118
3128
3755
3119
3129
3756
3120
3130
3757
3121
3131
3758
3122
3132
3759
3123
3133
3760
3134
3761
3125
3135
3762
3126
3136
3763
3127
3137
3764
3128
3138
3765
3129
3139
3766
3130
3140
3767
3131
3141
3768
3132
3142
3769
3133
3143
3770
3134
3144
3771
3145
3772
3136
3146
3773
3137
3147
3774
3138
3148
3775
3139
3149
3776
3140
3150
3777
3141
3151
3778
3142
3152
3779
3143
3153
3780
3144
3154
3781
3145
3155
3782
3156
3783
3147
3157
3784
3148
3158
3785
3149
3159
3786
3150
3160
3787
3151
3161
3788
3152
3162
3789
3153
3163
3790
3154
3164
3791
3155
3165
3792
3156
3166
3793
3167
3794
3158
3168
3795
3159
3169
3796
3160
3170
3797
3161
3171
3798
3162
3172
3799
3163
3173
3800
3164
3174
3801
3165
3175
3802
3166
3176
3803
3167
3177
3804
3178
3805
3169
3179
3806
3170
3180
3807
3171
3181
3808
3172
3182
3809
3173
3183
3810
3174
3184
3811
3175
3185
3812
3176
3186
3813
3177
3187
3814
3178
3188
3815
3189
3816
3180
3190
3817
3181
3191
3818
3182
3192
3819
3183
3193
3820
3184
3194
3821
3185
3195
3822
3186
3196
3823
3187
3197
3824
3188
3198
3825
3189
3199
3826
3200
3827
3191
3201
3828
3192
3202
3829
3193
3203
3830
3194
3204
3831
3195
3205
3832
3196
3206
3833
3197
3207
3834
3198
3208
3835
3199
3209
3836
3200
3210
3837
3211
3838
3202
3212
3839
3203
3213
3840
3204
3214
3841
3205
3215
3842
3206
3216
3843
3207
3217
3844
3208
3218
3845
3209
3219
3846
3210
3220
3847
3211
3221
3848
3222
3849
3213
3223
3850
3214
3224
3851
3215
3225
3852
3216
3226
3853
3217
3227
3854
3218
3228
3855
3219
3229
3856
3220
3230
3857
3221
3231
3858
3222
3232
3859
3233
3860
3224
3234
3861
3225
3235
3862
3226
3236
3863
3227
3237
3864
3228
3238
3865
3229
3239
3866
3230
3240
3867
3231
3241
3868
3232
3242
3869
3233
3243
3870
3244
3871
3235
3245
3872
3236
3246
3873
3237
3247
3874
3238
3248
3875
3239
3249
3876
3240
3250
3877
3241
3251
3878
3242
3252
3879
3243
3253
3880
3244
3254
3881
3255
3882
3246
3256
3883
3247
3257
3884
3248
3258
3885
3249
3259
3886
3250
3260
3887
3251
3261
3888
3252
3262
3889
3253
3263
3890
3254
3264
3891
3255
3265
3892
3266
3893
3257
3267
3894
3258
3268
3895
3259
3269
3896
3260
3270
3897
3261
3271
3898
3262
3272
3899
3263
3273
3900
3264
3274
3901
3265
3275
3902
3266
3276
3903
3277
3904
3268
3278
3905
3269
3279
3906
3270
3280
3907
3271
3281
3908
3272
3282
3909
3273
3283
3910
3274
3284
3911
3275
3285
3912
3276
3286
3913
3277
3287
3914
3288
3915
3279
3289
3916
3280
3290
3917
3281
3291
3918
3282
3292
3919
3283
3293
3920
3284
3294
3921
3285
3295
3922
3286
3296
3923
3287
3297
3924
3288
3298
3925
3299
3926
3290
3300
3927
3291
3301
3928
3292
3302
3929
3293
3303
3930
3294
3304
3931
3295
3305
3932
3296
3306
3933
3297
3307
3934
3298
3308
3935
3299
3309
3936
3310
3937
3301
3311
3938
3302
3312
3939
3303
3313
3940
3304
3314
3941
3305
3315
3942
3306
3316
3943
3307
3317
3944
3308
3318
3945
3309
3319
3946
3310
3320
3947
3321
3948
3312
3322
3949
3313
3323
3950
3314
3324
3951
3315
3325
3952
3316
3326
3953
3317
3327
3954
3318
3328
3955
3319
3329
3956
3320
3330
3957
3321
3331
3958
3332
3959
3323
3333
3960
3324
3334
3961
3325
3335
3962
3326
3336
3963
3327
3337
3964
3328
3338
3965
3329
3339
3966
3330
3340
3967
3331
3341
3968
3332
3342
3969
3343
3970
3334
3344
3971
3335
3345
3972
3336
3346
3973
3337
3347
3974
3338
3348
3975
3339
3349
3976
3340
3350
3977
3341
3351
3978
3342
3352
3979
3343
3353
3980
3354
3981
3345
3355
3982
3346
3356
3983
3347
3357
3984
3348
3358
3985
3349
3359
3986
3350
3360
3987
3351
3361
3988
3352
3362
3989
3353
3363
3990
3354
3364
3991
3365
3992
3356
3366
3993
3357
3367
3994
3358
3368
3995
3359
3369
3996
3360
3370
3997
3361
3371
3998
3362
3372
3999
3363
3373
4000
3364
3374
4001
3365
3375
4002
3376
4003
3367
3377
4004
3368
3378
4005
3369
3379
4006
3370
3380
4007
3371
3381
4008
3372
3382
4009
3373
3383
4010
3374
3384
4011
3375
3385
4012
3376
3386
4013
3387
4014
3378
3388
4015
3379
3389
4016
3380
3390
4017
3381
3391
4018
3382
3392
4019
3383
3393
4020
3384
3394
4021
3385
3395
4022
3386
3396
4023
3387
3397
4024
3398
4025
3389
3399
4026
3390
3400
4027
3391
3401
4028
3392
3402
4029
3393
3403
4030
3394
3404
4031
3395
3405
4032
3396
3406
4033
3397
3407
4034
3398
3408
4035
3409
4036
3400
3410
4037
3401
3411
4038
3402
3412
4039
3403
3413
4040
3404
3414
4041
3405
3415
4042
3406
3416
4043
3407
3417
4044
3408
3418
4045
3409
3419
4046
3420
4047
3411
3421
4048
3412
3422
4049
3413
3423
4050
3414
3424
4051
3415
3425
4052
3416
3426
4053
3417
3427
4054
3418
3428
4055
3419
3429
4056
3420
3430
4057
3431
4058
3422
3432
4059
3423
3433
4060
3424
3434
4061
3425
3435
4062
3426
3436
4063
3427
3437
4064
3428
3438
4065
3429
3439
4066
3430
3440
4067
3431
3441
4068
3442
4069
3433
3443
4070
3434
3444
4071
3435
3445
4072
3436
3446
4073
3437
3447
4074
3438
3448
4075
3439
3449
4076
3440
3450
4077
3441
3451
4078
3442
3452
4079
3453
4080
3444
3454
4081
3445
3455
4082
3446
3456
4083
3447
3457
4084
3448
3458
4085
3449
3459
4086
3450
3460
4087
3451
3461
4088
3452
3462
4089
3453
3463
4090
3464
4091
3455
3465
4092
3456
3466
4093
3457
3467
4094
3458
3468
4095
3459
3469
4096
3460
3470
4097
3461
3471
4098
3462
3472
4099
3463
3473
4100
3464
3474
4101
3475
4102
3466
3476
4103
3467
3477
4104
3468
3478
4105
3469
3479
4106
3470
3480
4107
3471
3481
4108
3472
3482
4109
3473
3483
4110
3474
3484
4111
3475
3485
4112
3486
4113
3477
4114
3478
4115
3479
4116
3480
4117
3481
4118
3482
4119
3483
4120
3484
4121
3485
4122
3486
4123
4124
3488
3498
4125
3489
3499
4126
3490
3500
4127
3491
3501
4128
3492
3502
4129
3493
3503
4130
3494
3504
4131
3495
3505
4132
3496
3506
4133
3497
3507
4134
3508
4135
3499
3509
4136
3500
3510
4137
3501
3511
4138
3502
3512
4139
3503
3513
4140
3504
3514
4141
3505
3515
4142
3506
3516
4143
3507
3517
4144
3508
3518
4145
3519
4146
3510
3520
4147
3511
3521
4148
3512
3522
4149
3513
3523
4150
3514
3524
4151
3515
3525
4152
3516
3526
4153
3517
3527
4154
3518
3528
4155
3519
3529
4156
3530
4157
3521
3531
4158
3522
3532
4159
3523
3533
4160
3524
3534
4161
3525
3535
4162
3526
3536
4163
3527
3537
4164
3528
3538
4165
3529
3539
4166
3530
3540
4167
3541
4168
3532
3542
4169
3533
3543
4170
3534
3544
4171
3535
3545
4172
3536
3546
4173
3537
3547
4174
3538
3548
4175
3539
3549
4176
3540
3550
4177
3541
3551
4178
3552
4179
3543
3553
4180
3544
3554
4181
3545
3555
4182
3546
3556
4183
3547
3557
4184
3548
3558
4185
3549
3559
4186
3550
3560
4187
3551
3561
4188
3552
3562
4189
3563
4190
3554
3564
4191
3555
3565
4192
3556
3566
4193
3557
3567
4194
3558
3568
4195
3559
3569
4196
3560
3570
4197
3561
3571
4198
3562
3572
4199
3563
3573
4200
3574
4201
3565
3575
4202
3566
3576
4203
3567
3577
4204
3568
3578
4205
3569
3579
4206
3570
3580
4207
3571
3581
4208
3572
3582
4209
3573
3583
4210
3574
3584
4211
3585
4212
3576
3586
4213
3577
3587
4214
3578
3588
4215
3579
3589
4216
3580
3590
4217
3581
3591
4218
3582
3592
4219
3583
3593
4220
3584
3594
4221
3585
3595
4222
3596
4223
3587
3597
4224
3588
3598
4225
3589
3599
4226
3590
3600
4227
3591
3601
4228
3592
3602
4229
3593
3603
4230
3594
3604
4231
3595
3605
4232
3596
3606
4233
3607
4234
3598
3608
4235
3599
3609
4236
3600
3610
4237
3601
3611
4238
3602
3612
4239
3603
3613
4240
3604
3614
4241
3605
3615
4242
3606
3616
4243
3607
3617
4244
3618
4245
3609
3619
4246
3610
3620
4247
3611
3621
4248
3612
3622
4249
3613
3623
4250
3614
3624
4251
3615
3625
4252
3616
3626
4253
3617
3627
4254
3618
3628
4255
3629
4256
3620
3630
4257
3621
3631
4258
3622
3632
4259
3623
3633
4260
3624
3634
4261
3625
3635
4262
3626
3636
4263
3627
3637
4264
3628
3638
4265
3629
3639
4266
3640
4267
3631
3641
4268
3632
3642
4269
3633
3643
4270
3634
3644
4271
3635
3645
4272
3636
3646
4273
3637
3647
4274
3638
3648
4275
3639
3649
4276
3640
3650
4277
3651
4278
3642
3652
4279
3643
3653
4280
3644
3654
4281
3645
3655
4282
3646
3656
4283
3647
3657
4284
3648
3658
4285
3649
3659
4286
3650
3660
4287
3651
3661
4288
3662
4289
3653
3663
4290
3654
3664
4291
3655
3665
4292
3656
3666
4293
3657
3667
4294
3658
3668
4295
3659
3669
4296
3660
3670
4297
3661
3671
4298
3662
3672
4299
3673
4300
3664
3674
4301
3665
3675
4302
3666
3676
4303
3667
3677
4304
3668
3678
4305
3669
3679
4306
3670
3680
4307
3671
3681
4308
3672
3682
4309
3673
3683
4310
3684
4311
3675
3685
4312
3676
3686
4313
3677
3687
4314
3678
3688
4315
3679
3689
4316
3680
3690
4317
3681
3691
4318
3682
3692
4319
3683
3693
4320
3684
3694
4321
3695
4322
3686
3696
4323
3687
3697
4324
3688
3698
4325
3689
3699
4326
3690
3700
4327
3691
3701
4328
3692
3702
4329
3693
3703
4330
3694
3704
4331
3695
3705
4332
3706
4333
3697
3707
4334
3698
3708
4335
3699
3709
4336
3700
3710
4337
3701
3711
4338
3702
3712
4339
3703
3713
4340
3704
3714
4341
3705
3715
4342
3706
3716
4343
3717
4344
3708
3718
4345
3709
3719
4346
3710
3720
4347
3711
3721
4348
3712
3722
4349
3713
3723
4350
3714
3724
4351
3715
3725
4352
3716
3726
4353
3717
3727
4354
3728
4355
3719
3729
4356
3720
3730
4357
3721
3731
4358
3722
3732
4359
3723
3733
4360
3724
3734
4361
3725
3735
4362
3726
3736
4363
3727
3737
4364
3728
3738
4365
3739
4366
3730
3740
4367
3731
3741
4368
3732
3742
4369
3733
3743
4370
3734
3744
4371
3735
3745
4372
3736
3746
4373
3737
3747
4374
3738
3748
4375
3739
3749
4376
3750
4377
3741
3751
4378
3742
3752
4379
3743
3753
4380
3744
3754
4381
3745
3755
4382
3746
3756
4383
3747
3757
4384
3748
3758
4385
3749
3759
4386
3750
3760
4387
3761
4388
3752
3762
4389
3753
3763
4390
3754
3764
4391
3755
3765
4392
3756
3766
4393
3757
3767
4394
3758
3768
4395
3759
3769
4396
3760
3770
4397
3761
3771
4398
3772
4399
3763
3773
4400
3764
3774
4401
3765
3775
4402
3766
3776
4403
3767
3777
4404
3768
3778
4405
3769
3779
4406
3770
3780
4407
3771
3781
4408
3772
3782
4409
3783
4410
3774
3784
4411
3775
3785
4412
3776
3786
4413
3777
3787
4414
3778
3788
4415
3779
3789
4416
3780
3790
4417
3781
3791
4418
3782
3792
4419
3783
3793
4420
3794
4421
3785
3795
4422
3786
3796
4423
3787
3797
4424
3788
3798
4425
3789
3799
4426
3790
3800
4427
3791
3801
4428
3792
3802
4429
3793
3803
4430
3794
3804
4431
3805
4432
3796
3806
4433
3797
3807
4434
3798
3808
4435
3799
3809
4436
3800
3810
4437
3801
3811
4438
3802
3812
4439
3803
3813
4440
3804
3814
4441
3805
3815
4442
3816
4443
3807
3817
4444
3808
3818
4445
3809
3819
4446
3810
3820
4447
3811
3821
4448
3812
3822
4449
3813
3823
4450
3814
3824
4451
3815
3825
4452
3816
3826
4453
3827
4454
3818
3828
4455
3819
3829
4456
3820
3830
4457
3821
3831
4458
3822
3832
4459
3823
3833
4460
3824
3834
4461
3825
3835
4462
3826
3836
4463
3827
3837
4464
3838
4465
3829
3839
4466
3830
3840
4467
3831
3841
4468
3832
3842
4469
3833
3843
4470
3834
3844
4471
3835
3845
4472
3836
3846
4473
3837
3847
4474
3838
3848
4475
3849
4476
3840
3850
4477
3841
3851
4478
3842
3852
4479
3843
3853
4480
3844
3854
4481
3845
3855
4482
3846
3856
4483
3847
3857
4484
3848
3858
4485
3849
3859
4486
3860
4487
3851
3861
4488
3852
3862
4489
3853
3863
4490
3854
3864
4491
3855
3865
4492
3856
3866
4493
3857
3867
4494
3858
3868
4495
3859
3869
4496
3860
3870
4497
3871
4498
3862
3872
4499
3863
3873
4500
3864
3874
4501
3865
3875
4502
3866
3876
4503
3867
3877
4504
3868
3878
4505
3869
3879
4506
3870
3880
4507
3871
3881
4508
3882
4509
3873
3883
4510
3874
3884
4511
3875
3885
4512
3876
3886
4513
3877
3887
4514
3878
3888
4515
3879
3889
4516
3880
3890
4517
3881
3891
4518
3882
3892
4519
3893
4520
3884
3894
4521
3885
3895
4522
3886
3896
4523
3887
3897
4524
3888
3898
4525
3889
3899
4526
3890
3900
4527
3891
3901
4528
3892
3902
4529
3893
3903
4530
3904
4531
3895
3905
4532
3896
3906
4533
3897
3907
4534
3898
3908
4535
3899
3909
4536
3900
3910
4537
3901
3911
4538
3902
3912
4539
3903
3913
4540
3904
3914
4541
3915
4542
3906
3916
4543
3907
3917
4544
3908
3918
4545
3909
3919
4546
3910
3920
4547
3911
3921
4548
3912
3922
4549
3913
3923
4550
3914
3924
4551
3915
3925
4552
3926
4553
3917
3927
4554
3918
3928
4555
3919
3929
4556
3920
3930
4557
3921
3931
4558
3922
3932
4559
3923
3933
4560
3924
3934
4561
3925
3935
4562
3926
3936
4563
3937
4564
3928
3938
4565
3929
3939
4566
3930
3940
4567
3931
3941
4568
3932
3942
4569
3933
3943
4570
3934
3944
4571
3935
3945
4572
3936
3946
4573
3937
3947
4574
3948
4575
3939
3949
4576
3940
3950
4577
3941
3951
4578
3942
3952
4579
3943
3953
4580
3944
3954
4581
3945
3955
4582
3946
3956
4583
3947
3957
4584
3948
3958
4585
3959
4586
3950
3960
4587
3951
3961
4588
3952
3962
4589
3953
3963
4590
3954
3964
4591
3955
3965
4592
3956
3966
4593
3957
3967
4594
3958
3968
4595
3959
3969
4596
3970
4597
3961
3971
4598
3962
3972
4599
3963
3973
4600
3964
3974
4601
3965
3975
4602
3966
3976
4603
3967
3977
4604
3968
3978
4605
3969
3979
4606
3970
3980
4607
3981
4608
3972
3982
4609
3973
3983
4610
3974
3984
4611
3975
3985
4612
3976
3986
4613
3977
3987
4614
3978
3988
4615
3979
3989
4616
3980
3990
4617
3981
3991
4618
3992
4619
3983
3993
4620
3984
3994
4621
3985
3995
4622
3986
3996
4623
3987
3997
4624
3988
3998
4625
3989
3999
4626
3990
4000
4627
3991
4001
4628
3992
4002
4629
4003
4630
3994
4004
4631
3995
4005
4632
3996
4006
4633
3997
4007
4634
3998
4008
4635
3999
4009
4636
4000
4010
4637
4001
4011
4638
4002
4012
4639
4003
4013
4640
4014
4641
4005
4015
4642
4006
4016
4643
4007
4017
4644
4008
4018
4645
4009
4019
4646
4010
4020
4647
4011
4021
4648
4012
4022
4649
4013
4023
4650
4014
4024
4651
4025
4652
4016
4026
4653
4017
4027
4654
4018
4028
4655
4019
4029
4656
4020
4030
4657
4021
4031
4658
4022
4032
4659
4023
4033
4660
4024
4034
4661
4025
4035
4662
4036
4663
4027
4037
4664
4028
4038
4665
4029
4039
4666
4030
4040
4667
4031
4041
4668
4032
4042
4669
4033
4043
4670
4034
4044
4671
4035
4045
4672
4036
4046
4673
4047
4674
4038
4048
4675
4039
4049
4676
4040
4050
4677
4041
4051
4678
4042
4052
4679
4043
4053
4680
4044
4054
4681
4045
4055
4682
4046
4056
4683
4047
4057
4684
4058
4685
4049
4059
4686
4050
4060
4687
4051
4061
4688
4052
4062
4689
4053
4063
4690
4054
4064
4691
4055
4065
4692
4056
4066
4693
4057
4067
4694
4058
4068
4695
4069
4696
4060
4070
4697
4061
4071
4698
4062
4072
4699
4063
4073
4700
4064
4074
4701
4065
4075
4702
4066
4076
4703
4067
4077
4704
4068
4078
4705
4069
4079
4706
4080
4707
4071
4081
4708
4072
4082
4709
4073
4083
4710
4074
4084
4711
4075
4085
4712
4076
4086
4713
4077
4087
4714
4078
4088
4715
4079
4089
4716
4080
4090
4717
4091
4718
4082
4092
4719
4083
4093
4720
4084
4094
4721
4085
4095
4722
4086
4096
4723
4087
4097
4724
4088
4098
4725
4089
4099
4726
4090
4100
4727
4091
4101
4728
4102
4729
4093
4103
4730
4094
4104
4731
4095
4105
4732
4096
4106
4733
4097
4107
4734
4098
4108
4735
4099
4109
4736
4100
4110
4737
4101
4111
4738
4102
4112
4739
4113
4740
4104
4114
4741
4105
4115
4742
4106
4116
4743
4107
4117
4744
4108
4118
4745
4109
4119
4746
4110
4120
4747
4111
4121
4748
4112
4122
4749
4113
4123
4750
4124
4751
4115
4752
4116
4753
4117
4754
4118
4755
4119
4756
4120
4757
4121
4758
4122
4759
4123
4760
4124
4761
4762
4126
4136
4127
4137
4128
4138
4129
4139
4130
4140
4131
4141
4132
4142
4133
4143
4134
4144
4135
4145
4146
4137
4147
4138
4148
4139
4149
4140
4150
4141
4151
4142
4152
4143
4153
4144
4154
4145
4155
4146
4156
4157
4148
4158
4149
4159
4150
4160
4151
4161
4152
4162
4153
4163
4154
4164
4155
4165
4156
4166
4157
4167
4168
4159
4169
4160
4170
4161
4171
4162
4172
4163
4173
4164
4174
4165
4175
4166
4176
4167
4177
4168
4178
4179
4170
4180
4171
4181
4172
4182
4173
4183
4174
4184
4175
4185
4176
4186
4177
4187
4178
4188
4179
4189
4190
4181
4191
4182
4192
4183
4193
4184
4194
4185
4195
4186
4196
4187
4197
4188
4198
4189
4199
4190
4200
4201
4192
4202
4193
4203
4194
4204
4195
4205
4196
4206
4197
4207
4198
4208
4199
4209
4200
4210
4201
4211
4212
4203
4213
4204
4214
4205
4215
4206
4216
4207
4217
4208
4218
4209
4219
4210
4220
4211
4221
4212
4222
4223
4214
4224
4215
4225
4216
4226
4217
4227
4218
4228
4219
4229
4220
4230
4221
4231
4222
4232
4223
4233
4234
4225
4235
4226
4236
4227
4237
4228
4238
4229
4239
4230
4240
4231
4241
4232
4242
4233
4243
4234
4244
4245
4236
4246
4237
4247
4238
4248
4239
4249
4240
4250
4241
4251
4242
4252
4243
4253
4244
4254
4245
4255
4256
4247
4257
4248
4258
4249
4259
4250
4260
4251
4261
4252
4262
4253
4263
4254
4264
4255
4265
4256
4266
4267
4258
4268
4259
4269
4260
4270
4261
4271
4262
4272
4263
4273
4264
4274
4265
4275
4266
4276
4267
4277
4278
4269
4279
4270
4280
4271
4281
4272
4282
4273
4283
4274
4284
4275
4285
4276
4286
4277
4287
4278
4288
4289
4280
4290
4281
4291
4282
4292
4283
4293
4284
4294
4285
4295
4286
4296
4287
4297
4288
4298
4289
4299
4300
4291
4301
4292
4302
4293
4303
4294
4304
4295
4305
4296
4306
4297
4307
4298
4308
4299
4309
4300
4310
4311
4302
4312
4303
4313
4304
4314
4305
4315
4306
4316
4307
4317
4308
4318
4309
4319
4310
4320
4311
4321
4322
4313
4323
4314
4324
4315
4325
4316
4326
4317
4327
4318
4328
4319
4329
4320
4330
4321
4331
4322
4332
4333
4324
4334
4325
4335
4326
4336
4327
4337
4328
4338
4329
4339
4330
4340
4331
4341
4332
4342
4333
4343
4344
4335
4345
4336
4346
4337
4347
4338
4348
4339
4349
4340
4350
4341
4351
4342
4352
4343
4353
4344
4354
4355
4346
4356
4347
4357
4348
4358
4349
4359
4350
4360
4351
4361
4352
4362
4353
4363
4354
4364
4355
4365
4366
4357
4367
4358
4368
4359
4369
4360
4370
4361
4371
4362
4372
4363
4373
4364
4374
4365
4375
4366
4376
4377
4368
4378
4369
4379
4370
4380
4371
4381
4372
4382
4373
4383
4374
4384
4375
4385
4376
4386
4377
4387
4388
4379
4389
4380
4390
4381
4391
4382
4392
4383
4393
4384
4394
4385
4395
4386
4396
4387
4397
4388
4398
4399
4390
4400
4391
4401
4392
4402
4393
4403
4394
4404
4395
4405
4396
4406
4397
4407
4398
4408
4399
4409
4410
4401
4411
4402
4412
4403
4413
4404
4414
4405
4415
4406
4416
4407
4417
4408
4418
4409
4419
4410
4420
4421
4412
4422
4413
4423
4414
4424
4415
4425
4416
4426
4417
4427
4418
4428
4419
4429
4420
4430
4421
4431
4432
4423
4433
4424
4434
4425
4435
4426
4436
4427
4437
4428
4438
4429
4439
4430
4440
4431
4441
4432
4442
4443
4434
4444
4435
4445
4436
4446
4437
4447
4438
4448
4439
4449
4440
4450
4441
4451
4442
4452
4443
4453
4454
4445
4455
4446
4456
4447
4457
4448
4458
4449
4459
4450
4460
4451
4461
4452
4462
4453
4463
4454
4464
4465
4456
4466
4457
4467
4458
4468
4459
4469
4460
4470
4461
4471
4462
4472
4463
4473
4464
4474
4465
4475
4476
4467
4477
4468
4478
4469
4479
4470
4480
4471
4481
4472
4482
4473
4483
4474
4484
4475
4485
4476
4486
4487
4478
4488
4479
4489
4480
4490
4481
4491
4482
4492
4483
4493
4484
4494
4485
4495
4486
4496
4487
4497
4498
4489
4499
4490
4500
4491
4501
4492
4502
4493
4503
4494
4504
4495
4505
4496
4506
4497
4507
4498
4508
4509
4500
4510
4501
4511
4502
4512
4503
4513
4504
4514
4505
4515
4506
4516
4507
4517
4508
4518
4509
4519
4520
4511
4521
4512
4522
4513
4523
4514
4524
4515
4525
4516
4526
4517
4527
4518
4528
4519
4529
4520
4530
4531
4522
4532
4523
4533
4524
4534
4525
4535
4526
4536
4527
4537
4528
4538
4529
4539
4530
4540
4531
4541
4542
4533
4543
4534
4544
4535
4545
4536
4546
4537
4547
4538
4548
4539
4549
4540
4550
4541
4551
4542
4552
4553
4544
4554
4545
4555
4546
4556
4547
4557
4548
4558
4549
4559
4550
4560
4551
4561
4552
4562
4553
4563
4564
4555
4565
4556
4566
4557
4567
4558
4568
4559
4569
4560
4570
4561
4571
4562
4572
4563
4573
4564
4574
4575
4566
4576
4567
4577
4568
4578
4569
4579
4570
4580
4571
4581
4572
4582
4573
4583
4574
4584
4575
4585
4586
4577
4587
4578
4588
4579
4589
4580
4590
4581
4591
4582
4592
4583
4593
4584
4594
4585
4595
4586
4596
4597
4588
4598
4589
4599
4590
4600
4591
4601
4592
4602
4593
4603
4594
4604
4595
4605
4596
4606
4597
4607
4608
4599
4609
4600
4610
4601
4611
4602
4612
4603
4613
4604
4614
4605
4615
4606
4616
4607
4617
4608
4618
4619
4610
4620
4611
4621
4612
4622
4613
4623
4614
4624
4615
4625
4616
4626
4617
4627
4618
4628
4619
4629
4630
4621
4631
4622
4632
4623
4633
4624
4634
4625
4635
4626
4636
4627
4637
4628
4638
4629
4639
4630
4640
4641
4632
4642
4633
4643
4634
4644
4635
4645
4636
4646
4637
4647
4638
4648
4639
4649
4640
4650
4641
4651
4652
4643
4653
4644
4654
4645
4655
4646
4656
4647
4657
4648
4658
4649
4659
4650
4660
4651
4661
4652
4662
4663
4654
4664
4655
4665
4656
4666
4657
4667
4658
4668
4659
4669
4660
4670
4661
4671
4662
4672
4663
4673
4674
4665
4675
4666
4676
4667
4677
4668
4678
4669
4679
4670
4680
4671
4681
4672
4682
4673
4683
4674
4684
4685
4676
4686
4677
4687
4678
4688
4679
4689
4680
4690
4681
4691
4682
4692
4683
4693
4684
4694
4685
4695
4696
4687
4697
4688
4698
4689
4699
4690
4700
4691
4701
4692
4702
4693
4703
4694
4704
4695
4705
4696
4706
4707
4698
4708
4699
4709
4700
4710
4701
4711
4702
4712
4703
4713
4704
4714
4705
4715
4706
4716
4707
4717
4718
4709
4719
4710
4720
4711
4721
4712
4722
4713
4723
4714
4724
4715
4725
4716
4726
4717
4727
4718
4728
4729
4720
4730
4721
4731
4722
4732
4723
4733
4724
4734
4725
4735
4726
4736
4727
4737
4728
4738
4729
4739
4740
4731
4741
4732
4742
4733
4743
4734
4744
4735
4745
4736
4746
4737
4747
4738
4748
4739
4749
4740
4750
4751
4742
4752
4743
4753
4744
4754
4745
4755
4746
4756
4747
4757
4748
4758
4749
4759
4750
4760
4751
4761
4762
4753
4754
4755
4756
4757
4758
4759
4760
4761
4762
)


// ************************************************************************* //
